2222222222222222222
23131313131313313133
123123
12321312
12312312
123123112123123
12321312
12312312
123123112123123
12321312
12312312
123123112123123
12321312
12312312
123123112123123
12321312
12312312
123123112123123
12321312
12312312
123123112123123
12321312
12312312
123123112123123
12321312
12312312
123123112123123
12321312
12312312
123123112123123
12321312
12312312
123123112123123
12321312
12312312
123123112123123
12321312
12312312
123123112123123
12321312
12312312
123123112123123
12321312
12312312
123123112123123
12321312
12312312
123123112123123
12321312
12312312
123123112123123
12321312
12312312
123123112123123
12321312
12312312
123123112123123
12321312
12312312
123123112123123
12321312
12312312
123123112123123
12321312
12312312
123123112123123
12321312
12312312
123123112123123
12321312
12312312
123123112123123
12321312
12312312
123123112123123
12321312
12312312
123123112123123
12321312
12312312
123123112123123
12321312
12312312
123123112123123
12321312
12312312
123123112123123
12321312
12312312
123123112123123
12321312
12312312
123123112123123
12321312
12312312
123123112123123
12321312
12312312
123123112123123
12321312
12312312
123123112123123
12321312
12312312
123123112123123
12321312
12312312
123123112123123
12321312
12312312
123123112123123
12321312
12312312
123123112123123
12321312
12312312
123123112123123
12321312
12312312
123123112123123
12321312
12312312
123123112123123
12321312
12312312
123123112123123
12321312
12312312
123123112123123
12321312
12312312
123123112123123
12321312
12312312
123123112123123
12321312
12312312
123123112123123
12321312
12312312
123123112123123
12321312
12312312
123123112123123
12321312
12312312
123123112123123
12321312
12312312
123123112123123
12321312
12312312
123123112123123
12321312
12312312
123123112123123
12321312
12312312
123123112123123
12321312
12312312
123123112123123
12321312
12312312
123123112123123
12321312
12312312
123123112123123
12321312
12312312
123123112123123
12321312
12312312
123123112123123
12321312
12312312
123123112123123
12321312
12312312
123123112123123
12321312
12312312
123123112123123
12321312
12312312
123123112123123
12321312
12312312
123123112123123
12321312
12312312
123123112123123
12321312
12312312
123123112123123
12321312
12312312
123123112123123
12321312
12312312
123123112123123
12321312
12312312
123123112123123
12321312
12312312
123123112123123
12321312
12312312
123123112123123
12321312
12312312
123123112123123
12321312
12312312
123123112123123
12321312
12312312
123123112123123
12321312
12312312
123123112123123
12321312
12312312
123123112123123
12321312
12312312
123123112123123
12321312
12312312
123123112123123
12321312
12312312
123123112123123
12321312
12312312
123123112123123
12321312
12312312
123123112123123
12321312
12312312
123123112123123
12321312
12312312
123123112123123
12321312
12312312
123123112123123
12321312
12312312
123123112123123
12321312
12312312
123123112123123
12321312
12312312
123123112123123
12321312
12312312
123123112123123
12321312
12312312
123123112123123
12321312
12312312
123123112123123
12321312
12312312
123123112123123
12321312
12312312
123123112123123
12321312
12312312
123123112123123
12321312
12312312
123123112123123
12321312
12312312
123123112123123
12321312
12312312
123123112123123
12321312
12312312
123123112123123
12321312
12312312
123123112123123
12321312
12312312
123123112123123
12321312
12312312
123123112123123
12321312
12312312
123123112123123
12321312
12312312
123123112123123
12321312
12312312
123123112123123
12321312
12312312
123123112123123
12321312
12312312
123123112123123
12321312
12312312
123123112123123
12321312
12312312
123123112123123
12321312
12312312
123123112123123
12321312
12312312
123123112123123
12321312
12312312
123123112123123
12321312
12312312
123123112123123
12321312
12312312
123123112123123
12321312
12312312
123123112123123
12321312
12312312
123123112123123
12321312
12312312
123123112123123
12321312
12312312
123123112123123
12321312
12312312
123123112123123
12321312
12312312
123123112123123
12321312
12312312
123123112123123
12321312
12312312
123123112123123
12321312
12312312
123123112123123
12321312
12312312
123123112123123
12321312
12312312
123123112123123
12321312
12312312
123123112123123
12321312
12312312
12312312
wocao
123123112 wocao  

>>>>>>> hot-fix
还海华
